{
    "313333.mc16a": {
        "crossSection": 0.11467, 
        "nWeightedEvents": 44.44744646059371, 
        "sumOfWeights_low_mass_K10": 8.184638096182425, 
        "sumOfWeights_low_mass_K100": 1354.649546533823, 
        "sumOfWeights_low_mass_K110": 1554.8168338090181, 
        "sumOfWeights_low_mass_K120": 1724.9122191369534, 
        "sumOfWeights_low_mass_K130": 1864.6226187944412, 
        "sumOfWeights_low_mass_K140": 1976.8806679844856, 
        "sumOfWeights_low_mass_K15": 18.234118353579106, 
        "sumOfWeights_low_mass_K150": 2065.9682191610336, 
        "sumOfWeights_low_mass_K160": 2136.2854098528624, 
        "sumOfWeights_low_mass_K20": 33.57280830372474, 
        "sumOfWeights_low_mass_K25": 55.266504803526914, 
        "sumOfWeights_low_mass_K30": 84.21078373712953, 
        "sumOfWeights_low_mass_K35": 121.32158914837055, 
        "sumOfWeights_low_mass_K40": 167.60130675625987, 
        "sumOfWeights_low_mass_K45": 223.98674142290838, 
        "sumOfWeights_low_mass_K50": 291.1481204563752, 
        "sumOfWeights_low_mass_K60": 458.1750730769709, 
        "sumOfWeights_low_mass_K70": 663.6766385547817, 
        "sumOfWeights_low_mass_K80": 893.9135042577982, 
        "sumOfWeights_low_mass_K90": 1130.1872791163623, 
        "sumOfWeights_nom_mass_K10": 6.686730697879284, 
        "sumOfWeights_nom_mass_K100": 1.0, 
        "sumOfWeights_nom_mass_K110": 1142.7358683422208, 
        "sumOfWeights_nom_mass_K120": 1296.166653856635, 
        "sumOfWeights_nom_mass_K130": 1422.3255740106106, 
        "sumOfWeights_nom_mass_K140": 1523.0395974293351, 
        "sumOfWeights_nom_mass_K15": 15.60411504811782, 
        "sumOfWeights_nom_mass_K150": 1602.0751200690866, 
        "sumOfWeights_nom_mass_K160": 1663.6068133115768, 
        "sumOfWeights_nom_mass_K20": 28.497936010855483, 
        "sumOfWeights_nom_mass_K25": 46.243545397912385, 
        "sumOfWeights_nom_mass_K30": 69.99523314036196, 
        "sumOfWeights_nom_mass_K35": 101.02434888936114, 
        "sumOfWeights_nom_mass_K40": 140.51705806399696, 
        "sumOfWeights_nom_mass_K45": 189.4011771637015, 
        "sumOfWeights_nom_mass_K50": 248.2069781650789, 
        "sumOfWeights_nom_mass_K60": 395.03764442447573, 
        "sumOfWeights_nom_mass_K70": 573.9387525767088, 
        "sumOfWeights_nom_mass_K80": 769.765676856041, 
        "sumOfWeights_nom_mass_K90": 964.3893792927265
    }
}