{
    "313319.mc16a": {
        "crossSection": 0.1, 
        "nWeightedEvents": 0.6755646960251624, 
        "sumOfWeights_low_mass_K10": 0.44324598695686035, 
        "sumOfWeights_low_mass_K100": 25.97391163976863, 
        "sumOfWeights_low_mass_K110": 28.785992692573927, 
        "sumOfWeights_low_mass_K120": 31.401069670449942, 
        "sumOfWeights_low_mass_K130": 33.829262473853305, 
        "sumOfWeights_low_mass_K140": 36.08204899600241, 
        "sumOfWeights_low_mass_K15": 0.9976808161341069, 
        "sumOfWeights_low_mass_K150": 38.170412447769195, 
        "sumOfWeights_low_mass_K160": 40.10403316060547, 
        "sumOfWeights_low_mass_K20": 1.760905529424008, 
        "sumOfWeights_low_mass_K25": 2.7135919589295554, 
        "sumOfWeights_low_mass_K30": 3.8387060990107784, 
        "sumOfWeights_low_mass_K35": 5.117325921143674, 
        "sumOfWeights_low_mass_K40": 6.52708662279656, 
        "sumOfWeights_low_mass_K45": 8.043830241440446, 
        "sumOfWeights_low_mass_K50": 9.643084777158947, 
        "sumOfWeights_low_mass_K60": 12.994671006847057, 
        "sumOfWeights_low_mass_K70": 16.410422943270532, 
        "sumOfWeights_low_mass_K80": 19.759957069414668, 
        "sumOfWeights_low_mass_K90": 22.961235523049254, 
        "sumOfWeights_nom_mass_K10": 0.3548593044693078, 
        "sumOfWeights_nom_mass_K100": 29000.0, 
        "sumOfWeights_nom_mass_K110": 20.418722722213715, 
        "sumOfWeights_nom_mass_K120": 22.06185759359505, 
        "sumOfWeights_nom_mass_K130": 23.555861498811282, 
        "sumOfWeights_nom_mass_K140": 24.91411550587509, 
        "sumOfWeights_nom_mass_K15": 0.7776708512971595, 
        "sumOfWeights_nom_mass_K150": 26.148413283634, 
        "sumOfWeights_nom_mass_K160": 27.268989310134202, 
        "sumOfWeights_nom_mass_K20": 1.3537403000701715, 
        "sumOfWeights_nom_mass_K25": 2.07729595976366, 
        "sumOfWeights_nom_mass_K30": 2.933921851609739, 
        "sumOfWeights_nom_mass_K35": 3.904728336037806, 
        "sumOfWeights_nom_mass_K40": 4.96869718695234, 
        "sumOfWeights_nom_mass_K45": 6.10404054159153, 
        "sumOfWeights_nom_mass_K50": 7.289273881091503, 
        "sumOfWeights_nom_mass_K60": 9.730332295512198, 
        "sumOfWeights_nom_mass_K70": 12.15610882457986, 
        "sumOfWeights_nom_mass_K80": 14.473362876306055, 
        "sumOfWeights_nom_mass_K90": 16.631384284992237
    }
}